5860
7
1283
5202
1155
5219
6181
4835
7568
4772
1167
5455
90
4276
6924
2291
7936
4140
1339
5719
1096
640
801
5585
77
1431
6
225
5696
779
251
258
4178
1216
534
5387
334
3444
5358
614
4685
5200
5355
5187
1083
2564
8576
331
6840
1639
4120
4123
6839
5359
339
338
7850
884
1061
3108
8592
8323
1632
1482
5361
6290
364
5367
6087
4669
1633
7057
6832
881
4955
2080
629
8311
5369
7888
316
1126
661
5164
1435
274
4630
4168
2718
4170
268
3416
4172
1661
279
6752
6361
846
1133
1425
5693
6743
844
4608
3161
2152
5165
1817
5722
4974
5721
4662
1099
4659
8647
610
8649
3644
303
2961
6782
2960
283
1106
297
7821
5172
1109
292
1823
1655
2536
1443
7812
1101
7409
3095
1587
1588
963
7349
2732
3915
6184
6185
493
5818
7963
2733
973
8010
978
1967
1968
3986
6931
478
476
1551
1895
3993
3538
5807
1945
551
4806
5248
3571
1923
536
7989
533
5256
947
7330
3940
1928
950
8421
8400
952
6164
6987
6967
6966
6166
4855
3951
1936
5831
3955
8435
5806
4902
6267
8523
7917
7916
5784
6116
418
1875
7398
2021
4046
408
595
7404
2627
904
1029
401
598
2508
1507
6257
2989
4065
7289
3093
1042
425
2009
5292
1882
463
1979
7368
8488
1891
4006
1985
6912
3059
1987
1988
574
5798
5301
4016
1538
5797
442
3899
1887
1531
2003
5312
1884
1526
243
1433
2822
1220
5629
3216
2858
111
6633
1225
1761
4488
3334
8853
5126
728
4480
8132
1348
8862
5051
8864
8209
2406
91
89
6479
87
1342
1221
1218
8233
4295
819
6435
1773
2228
1201
6659
141
8120
7721
138
3681
1205
4513
3775
2437
5637
130
7552
1210
7224
7223
717
240
1765
120
7578
2400
5945
3756
2882
7654
36
4425
1735
2884
8932
29
28
2364
5083
5964
5100
5559
18
2355
7640
6554
3726
10
5564
3717
7622
1299
7186
5593
8921
2308
4345
2396
4463
76
2280
5062
4455
1699
6598
7590
1330
61
2382
2307
6589
